16
ANADUGUM 7
U 7 4 13 9 8 43
D 3 7 52 7 95 111
Y 6 6 26 6 63 64
D 3 5 58 8 69 43
Y 7 7 56 16 20 35
U 7 4 57 16 31 43
D 3 7 37 1 83 42
ANADUGUM 2
Y 7 7 16 10 26 43
D 4 6 78 9 46 111
ANADUGUM 6
D 4 6 7 12 16 111
U 7 4 87 10 11 111
U 11 6 32 18 21 64
D 5 7 27 3 46 64
D 7 5 23 13 14 35
Y 3 3 87 12 27 64
ANADUGUM 7
Y 4 4 77 20 29 42
U 13 7 12 16 95 35
Y 4 4 12 5 34 42
U 5 3 38 22 34 64
U 5 3 4 14 23 64
Y 5 5 65 3 28 64
Y 4 4 56 4 25 42
ANADUGUM 2
D 6 6 3 12 49 43
D 4 3 50 11 14 42
ANADUGUM 4
Y 6 6 83 7 75 64
D 6 7 58 3 97 43
D 4 6 88 14 5 35
D 4 4 59 7 18 43
ANADUGUM 3
D 6 5 49 11 66 43
Y 3 3 89 17 14 43
Y 7 7 39 5 36 35
ANADUGUM 2
U 11 6 57 16 38 111
Y 5 5 54 17 100 43
ANADUGUM 3
Y 3 3 81 8 1 42
U 13 7 34 17 41 111
U 9 5 69 15 54 42
ANADUGUM 2
Y 4 4 20 10 67 43
Y 7 7 72 13 75 111
ANADUGUM 5
U 9 5 86 4 65 43
Y 5 5 34 7 61 35
Y 4 4 56 13 41 111
U 13 7 37 3 88 43
D 7 6 74 14 59 111
ANADUGUM 7
U 11 6 75 6 21 35
U 9 5 81 7 79 43
U 13 7 68 17 1 43
D 7 4 74 21 69 111
D 3 7 48 7 32 64
U 9 5 85 3 79 64
U 11 6 33 5 63 43
ANADUGUM 3
Y 3 3 80 4 80 43
Y 7 7 44 8 98 43
D 3 5 6 15 64 64
ANADUGUM 5
D 4 6 13 4 53 42
D 4 6 21 11 15 111
Y 6 6 38 1 98 111
D 4 5 55 15 77 111
Y 3 3 66 4 86 64
ANADUGUM 7
D 7 7 26 7 77 43
Y 6 6 62 10 82 35
U 7 4 84 0 62 35
D 5 3 63 10 70 42
Y 6 6 44 11 2 111
D 6 7 9 0 93 111
Y 4 4 4 3 54 111
ANADUGUM 4
D 6 5 83 3 19 111
D 3 4 72 20 83 42
Y 4 4 6 8 92 43
U 5 3 65 11 19 64
