73 182 45 390 12 67 248 91 156 304 27 88
410 55 299 144 378 62 91 17 203 331 8 120
56 312 99 401 7 88 140 266 34 198 57 76
215 34 67 289 90 154 23 301 178 412
9 3 18 27 45 72 108 54 36 81 99
410 220 130 98 76 54 33 12 199 305 411
66 44 22 11 88 99 77 55 132 165
500 420 380 360 300 280 260 240 220 200
81 19 27 35 63 91 109 127 145 163
5 14 23 32 41 50 59 68 77 86
91 73 65 57 49 41 33 25 17 9
12 24 36 48 60 72 84 96 108 120
280 190 95 47 312 406 158 222 364 18
63 125 187 249 311 373 435 97 159
7 3 1 5 9 11 13 15 17 19
402 399 398 397 396 395 394 393 392 391
60 30 90 15 45 75 105 135 165 195
210 180 150 120 90 60 30 15 195 225
99 199 299 399 499 59 159 259 359 459
8 16 24 32 40 48 56 64 72 80
355 222 111 444 333 55 166 277 388 499
14 28 42 56 70 84 98 112 126 140
75 50 25 100 125 150 175 200 225 250
9 81 27 3 243 162 54 18 6 324
420 360 300 240 180 120 60 30 210 390
11 22 33 44 55 66 77 88 99 110
64 128 256 32 16 8 4 2 1 512
6 12 18 24 30 36 42 48 54 60
333 222 111 444 555 99 88 77 66 55
48 36 24 12 60 72 84 96 108 120
95 47 23 11 5 2 7 13 19 29
400 350 300 250 200 150 100 50 25 375
17 34 51 68 85 102 119 136 153 170
90 60 30 15 45 75 105 135 165 195
210 105 315 52 157 262 367 472 88 199
7 14 21 28 35 42 49 56 63 70
88 176 264 352 440 66 44 22 110 330
45 90 135 180 225 270 315 360 405 450
500 250 125 375 62 312 437 93 218 343
63 31 15 7 3 1 127 255 383 511
99 66 33 132 165 198 231 264 297 330
240 160 80 40 20 10 320 400 480 360
11 121 231 341 451 21 31 41 51 61
18 36 54 72 90 108 126 144 162 180
300 200 100 50 25 75 125 175 225 275
8 4 2 1 16 32 64 128 256 512
91 182 273 364 455 36 127 218 309 400
50 40 30 20 10 60 70 80 90 100
75 150 225 300 375 450 525 90 180 270
9 6 3 12 15 18 21 24 27 30
420 210 105 315 52 157 262 367 472 88
64 32 16 8 4 2 1 128 256 512
500 480 460 440 420 400 380 360 340 320
33 66 99 132 165 198 231 264 297 330
120 60 30 15 45 75 105 135 165 195
15 45 75 105 135 165 195 225 255 285
222 111 333 444 555 99 88 77 66 55
7 49 21 63 35 14 28 42 56 70
360 240 120 60 30 180 300 420 480 540
81 27 9 3 243 162 54 18 6 324
95 85 75 65 55 45 35 25 15 5
300 150 75 225 375 450 525 90 180 270
44 88 132 176 220 264 308 352 396 440
6 18 54 162 486 12 36 108 324 432
255 170 85 340 425 510 68 153 238 323
1 2 3 4 5 6 7 8 9 10
500 400 300 200 100 50 25 75 125 175
70 35 105 140 175 210 245 280 315 350
64 96 128 160 192 224 256 288 320 352
9 18 27 36 45 54 63 72 81 90
210 420 105 315 52 157 262 367 472 88
55 110 165 220 275 330 385 440 495 50
12 6 18 24 30 36 42 48 54 60
90 180 270 360 450 540 45 135 225 315
45 15 30 60 75 90 105 120 135 150
333 166 499 83 249 415 582 91 174 257
80 40 20 10 5 160 320 480 240 360
7 14 28 56 112 224 448 21 42 84
99 198 297 396 495 66 132 264 330 462
360 180 90 45 30 15 270 300 330 390
11 22 44 88 176 352 704 33 66 99
64 32 16 8 4 2 1 128 256 512
250 125 375 62 312 437 93 218 343 468
3 6 9 12 15 18 21 24 27 30
500 250 125 375 62 312 437 93 218 343
48 24 12 6 3 96 192 384 768 144
95 190 285 380 475 47 141 237 333 429
75 50 25 100 125 150 175 200 225 250
14 7 21 28 35 42 49 56 63 70
360 240 120 60 30 180 300 420 480 540
81 162 243 324 405 27 9 3 54 108
5 10 15 20 25 30 35 40 45 50
400 300 200 100 50 25 75 125 175 225
66 33 99 132 165 198 231 264 297 330
30 60 90 120 150 180 210 240 270 300
111 222 333 444 555 99 88 77 66 55
8 16 32 64 128 256 512 24 48 96
45 90 135 180 225 270 315 360 405 450
210 105 315 52 157 262 367 472 88 199
9 27 81 243 162 54 18 6 324 486
64 128 256 32 16 8 4 2 1 512
500 350 200 100 50 25 75 125 175 225
18 36 72 144 288 576 12 24 48 96
75 150 300 450 225 525 90 180 270 360
6 3 12 24 48 96 192 384 768 153
44 22 66 88 132 176 220 264 308 352
240 120 60 30 15 180 300 420 480 540
95 47 141 235 329 423 17 59 101 143
30 15 45 60 75 90 105 120 135 150
400 200 100 50 25 75 125 175 225 275
81 54 27 9 3 162 324 486 648 108
10 20 30 40 50 60 70 80 90 100
333 444 222 111 555 99 88 77 66 55
333 444 222
7 14 21 28
64 96 128
500 375 250
18 9 27
55 110 165
300 225 150
12 24 48
90 45 135
210 315 105
360 180 90
11 22 44 88
64 32 16
250 125 375
3 6 9
500 250 125
48 24 12
95 190 285
75 50 25
14 7 21
360 240 120
500 480 460 440
33 66 99
120 60 30
15 45 75 105
222 111 333
7 49 21
360 240 120
81 27 9
95 85 75 65
300 150 75